$molecule
0 1
---
-1 1
P    -0.583042    -0.910561    -0.195907
O    -1.081124    -0.148760     1.009570
O    -0.135060    -0.199846    -1.430164
O    -1.738310    -2.050300    -0.504768
O     0.714003    -1.864921     0.242016
C     0.559585    -3.068335     0.891818
C     1.157904    -3.191156     2.178078
C     0.996187    -4.378184     2.857382
H     1.450529    -4.499400     3.836170
C     0.241089    -5.451866     2.321052
C    -0.000416    -6.633149     3.072051
H     0.421762    -6.707671     4.071599
C    -0.762027    -7.656223     2.555222
H    -0.946545    -8.552249     3.141310
C    -1.314568    -7.535625     1.257754
H    -1.928477    -8.338020     0.857968
C    -1.088222    -6.408406     0.499289
H    -1.524553    -6.324644    -0.489449
C    -0.300877    -5.334502     0.999868
C    -0.073432    -4.127577     0.256724
C    -0.521894    -3.987074    -1.156321
C    -1.384512    -2.961204    -1.494706
C    -1.939300    -2.789363    -2.790749
C    -1.556237    -3.689892    -3.762273
H    -1.982634    -3.607063    -4.757473
C    -0.591192    -4.699794    -3.514856
C    -0.130553    -5.547962    -4.556767
H    -0.552222    -5.423809    -5.551338
C     0.843819    -6.490609    -4.322419
H     1.195788    -7.126554    -5.129997
C     1.402201    -6.620601    -3.028611
H     2.187811    -7.350507    -2.852776
C     0.966319    -5.824395    -1.992956
H     1.410362    -5.923345    -1.008909
C    -0.050011    -4.852950    -2.197746
C    -2.913788    -1.693704    -3.087410
C    -2.554281    -0.643612    -3.963462
C    -4.214713    -1.738599    -2.535161
C    -3.534925     0.285994    -4.329490
C    -5.146792    -0.766953    -2.912293
C    -4.835752     0.239732    -3.828949
H    -3.274768     1.078554    -5.026628
H    -6.148301    -0.815306    -2.493831
C     2.018639    -2.083331     2.704478
C     1.470031    -1.059702     3.513153
C     3.397354    -2.093322     2.392193
C     2.317016    -0.041995     3.968990
C     4.202876    -1.062868     2.892962
C     3.685703    -0.026180     3.672941
H     1.904954     0.741312     4.598710
H     5.267619    -1.073133     2.690658
C    -1.138818    -0.472509    -4.510961
H    -0.471294    -1.101468    -3.916145
C    -4.658769    -2.835571    -1.571432
H    -3.783728    -3.422988    -1.284131
C    -5.854687     1.293244    -4.239486
H    -5.466043     1.789313    -5.139425
C     4.036040    -3.265622     1.641532
H     3.267809    -3.723338     1.010415
C     0.018627    -1.146394     3.982695
H    -0.554692    -1.644611     3.196672
C     4.615123     1.046141     4.228784
H     5.626865     0.814265     3.872267
C    -0.645843     0.978205    -4.354860
H     0.406057     1.051600    -4.644463
H    -1.201617     1.673075    -4.994802
H    -0.746550     1.299244    -3.315995
C    -1.034311    -0.915298    -5.982374
H    -0.000559    -0.819411    -6.329820
H    -1.341503    -1.957557    -6.114946
H    -1.673059    -0.295118    -6.623457
C    -5.643479    -3.801255    -2.256302
H    -5.191041    -4.257084    -3.144243
H    -5.938720    -4.604416    -1.570133
H    -6.552722    -3.277264    -2.574814
C    -5.251232    -2.254353    -0.275802
H    -5.426268    -3.049274     0.458064
H    -4.567433    -1.526850     0.169864
H    -6.211148    -1.754923    -0.454898
C    -5.989430     2.368747    -3.145031
H    -6.706589     3.145752    -3.439298
H    -6.339163     1.924847    -2.204720
H    -5.020818     2.846848    -2.956060
C    -7.227548     0.699571    -4.595828
H    -7.711690     0.249954    -3.721119
H    -7.896998     1.479854    -4.977012
H    -7.133139    -0.077181    -5.361883
C     4.512146    -4.324694     2.658229
H     3.692879    -4.665771     3.296529
H     4.927198    -5.197957     2.141110
H     5.293223    -3.907737     3.305561
C     5.205731    -2.889607     0.715990
H     5.589058    -3.793508     0.229750
H     4.901601    -2.205150    -0.078819
H     6.041733    -2.432975     1.256928
C    -0.677083     0.192725     4.256839
H    -0.199534     0.750501     5.072070
H    -0.724741     0.830795     3.375237
H    -1.708495    -0.004393     4.564540
C    -0.062031    -2.016235     5.255803
H    -1.106021    -2.140539     5.562959
H     0.360042    -3.011283     5.096086
H     0.490102    -1.543189     6.077650
C     4.264760     2.453182     3.713332
H     4.952486     3.201503     4.123831
H     4.340252     2.496061     2.621364
H     3.247479     2.741983     4.005026
C     4.641408     1.019792     5.767867
H     3.658630     1.271480     6.183869
H     4.915483     0.026092     6.137543
H     5.366489     1.744476     6.156728
---
1 1
C     2.750872     3.694662     0.123544
C     1.426972     4.290397     0.674389
H     3.480534     3.527312     0.914903
H     3.179369     4.339857    -0.640722
H     1.591655     4.753119     1.650596
H     1.042587     5.032773    -0.026267
C     2.113758     1.393158     0.638420
H     1.714880     0.490848     0.189040
H     3.014146     1.156442     1.202126
C     1.056739     2.062491     1.533161
H     0.291431     1.325553     1.762540
H     1.486054     2.446554     2.459609
C     0.007236     2.777590    -0.538848
H    -0.630979     1.902216    -0.434715
H    -0.556406     3.598331    -0.988469
C     1.238994     2.444877    -1.397375
H     1.088994     1.475732    -1.861824
H     1.460202     3.209550    -2.133098
N     0.440727     3.199532     0.810969
N     2.461729     2.332332    -0.490327
C     3.676521     1.842251    -1.370611
H     3.704710     2.617883    -2.134897
C     3.323710     0.538590    -2.072953
C     3.166329    -0.695064    -1.424393
C     3.047431     0.623664    -3.446372
C     2.720905    -1.802302    -2.130571
H     3.305866    -0.832385    -0.363140
C     2.594895    -0.497871    -4.125818
H     3.117714     1.568016    -3.975703
C     2.400826    -1.716589    -3.481294
C     4.989515     1.916659    -0.607739
C     5.788294     3.051637    -0.823179
C     5.434603     0.924907     0.278614
C     6.994198     3.186009    -0.148825
H     5.473787     3.843640    -1.495659
C     6.643786     1.086407     0.938412
H     4.881599     0.020806     0.476608
C     7.436806     2.213769     0.745994
F     7.761966     4.266526    -0.339768
F     8.595548     2.352608     1.396600
F     7.077798     0.145623     1.802362
F     2.574178    -2.983262    -1.509184
F     1.902068    -2.767876    -4.137786
F     2.282227    -0.411545    -5.430608
$end

$rem
jobtype         eda
eda2            2
eda_cls_disp    true
method          m062x
basis           6-311G(d,p)
frgm_method     gia
frgm_lpcorr     rs_exact_scf
eda_bsse        false
ithrsh          12
thresh          14
scf_print_frgm  1
unrestricted    false
max_scf_cycles  300
symmetry        false
sym_ignore      true
mem_total       10000
mem_static      5000
solvent_method  smd
$end

$smx
solvent toluene
$end

