$molecule
-1 1
---
-1 1
P    -0.583042    -0.910561    -0.195907
O    -1.081124    -0.148760     1.009570
O    -0.135060    -0.199846    -1.430164
O    -1.738310    -2.050300    -0.504768
O     0.714003    -1.864921     0.242016
C     0.559585    -3.068335     0.891818
C     1.157904    -3.191156     2.178078
C     0.996187    -4.378184     2.857382
H     1.450529    -4.499400     3.836170
C     0.241089    -5.451866     2.321052
C    -0.000416    -6.633149     3.072051
H     0.421762    -6.707671     4.071599
C    -0.762027    -7.656223     2.555222
H    -0.946545    -8.552249     3.141310
C    -1.314568    -7.535625     1.257754
H    -1.928477    -8.338020     0.857968
C    -1.088222    -6.408406     0.499289
H    -1.524553    -6.324644    -0.489449
C    -0.300877    -5.334502     0.999868
C    -0.073432    -4.127577     0.256724
C    -0.521894    -3.987074    -1.156321
C    -1.384512    -2.961204    -1.494706
C    -1.939300    -2.789363    -2.790749
C    -1.556237    -3.689892    -3.762273
H    -1.982634    -3.607063    -4.757473
C    -0.591192    -4.699794    -3.514856
C    -0.130553    -5.547962    -4.556767
H    -0.552222    -5.423809    -5.551338
C     0.843819    -6.490609    -4.322419
H     1.195788    -7.126554    -5.129997
C     1.402201    -6.620601    -3.028611
H     2.187811    -7.350507    -2.852776
C     0.966319    -5.824395    -1.992956
H     1.410362    -5.923345    -1.008909
C    -0.050011    -4.852950    -2.197746
C    -2.913788    -1.693704    -3.087410
C    -2.554281    -0.643612    -3.963462
C    -4.214713    -1.738599    -2.535161
C    -3.534925     0.285994    -4.329490
C    -5.146792    -0.766953    -2.912293
C    -4.835752     0.239732    -3.828949
H    -3.274768     1.078554    -5.026628
H    -6.148301    -0.815306    -2.493831
C     2.018639    -2.083331     2.704478
C     1.470031    -1.059702     3.513153
C     3.397354    -2.093322     2.392193
C     2.317016    -0.041995     3.968990
C     4.202876    -1.062868     2.892962
C     3.685703    -0.026180     3.672941
H     1.904954     0.741312     4.598710
H     5.267619    -1.073133     2.690658
C    -1.138818    -0.472509    -4.510961
H    -0.471294    -1.101468    -3.916145
C    -4.658769    -2.835571    -1.571432
H    -3.783728    -3.422988    -1.284131
C    -5.854687     1.293244    -4.239486
H    -5.466043     1.789313    -5.139425
C     4.036040    -3.265622     1.641532
H     3.267809    -3.723338     1.010415
C     0.018627    -1.146394     3.982695
H    -0.554692    -1.644611     3.196672
C     4.615123     1.046141     4.228784
H     5.626865     0.814265     3.872267
C    -0.645843     0.978205    -4.354860
H     0.406057     1.051600    -4.644463
H    -1.201617     1.673075    -4.994802
H    -0.746550     1.299244    -3.315995
C    -1.034311    -0.915298    -5.982374
H    -0.000559    -0.819411    -6.329820
H    -1.341503    -1.957557    -6.114946
H    -1.673059    -0.295118    -6.623457
C    -5.643479    -3.801255    -2.256302
H    -5.191041    -4.257084    -3.144243
H    -5.938720    -4.604416    -1.570133
H    -6.552722    -3.277264    -2.574814
C    -5.251232    -2.254353    -0.275802
H    -5.426268    -3.049274     0.458064
H    -4.567433    -1.526850     0.169864
H    -6.211148    -1.754923    -0.454898
C    -5.989430     2.368747    -3.145031
H    -6.706589     3.145752    -3.439298
H    -6.339163     1.924847    -2.204720
H    -5.020818     2.846848    -2.956060
C    -7.227548     0.699571    -4.595828
H    -7.711690     0.249954    -3.721119
H    -7.896998     1.479854    -4.977012
H    -7.133139    -0.077181    -5.361883
C     4.512146    -4.324694     2.658229
H     3.692879    -4.665771     3.296529
H     4.927198    -5.197957     2.141110
H     5.293223    -3.907737     3.305561
C     5.205731    -2.889607     0.715990
H     5.589058    -3.793508     0.229750
H     4.901601    -2.205150    -0.078819
H     6.041733    -2.432975     1.256928
C    -0.677083     0.192725     4.256839
H    -0.199534     0.750501     5.072070
H    -0.724741     0.830795     3.375237
H    -1.708495    -0.004393     4.564540
C    -0.062031    -2.016235     5.255803
H    -1.106021    -2.140539     5.562959
H     0.360042    -3.011283     5.096086
H     0.490102    -1.543189     6.077650
C     4.264760     2.453182     3.713332
H     4.952486     3.201503     4.123831
H     4.340252     2.496061     2.621364
H     3.247479     2.741983     4.005026
C     4.641408     1.019792     5.767867
H     3.658630     1.271480     6.183869
H     4.915483     0.026092     6.137543
H     5.366489     1.744476     6.156728
---
0 1
C    -4.240767     2.792087     1.954756
O    -5.370534     0.452369     3.272422
C    -4.385790    -0.170928     2.855476
C    -4.113254     1.496200     1.158518
H    -3.445822     1.671707     0.308161
H    -5.114864     1.303020     0.757513
N    -3.630172     0.339191     1.844265
C    -3.959243    -1.489448     3.413450
C    -3.153185    -2.385886     2.693740
C    -4.411509    -1.837673     4.693552
C    -2.800785    -3.611825     3.256303
H    -2.804968    -2.146816     1.696021
C    -4.045625    -3.058262     5.257569
H    -5.048409    -1.138753     5.226280
C    -3.240077    -3.947079     4.538575
H    -2.184556    -4.302269     2.690908
H    -4.391217    -3.318966     6.254290
H    -2.955067    -4.901399     4.973559
C    -5.034143     3.857808     1.373496
C    -5.177185     3.931253    -0.033364
C    -5.752322     4.788196     2.161216
C    -5.976712     4.897981    -0.617779
H    -4.639860     3.243271    -0.674509
C    -6.573826     5.732467     1.562657
H    -5.699396     4.743340     3.240356
C    -6.693440     5.817760     0.167247
H    -6.052840     4.939631    -1.700364
H    -7.135765     6.419244     2.189646
C    -7.545012     6.877217    -0.479513
H    -8.306164     7.259903     0.206886
H    -6.924359     7.727200    -0.793181
H    -8.044977     6.494767    -1.375610
H    -2.688747     0.000749     1.597582
C    -3.471715     3.015070     3.137709
F    -3.107857     2.031573     3.938374
F    -3.673215     4.114379     3.867303
$end

$rem
jobtype         eda
eda2            2
eda_cls_disp    true
method          m062x
basis           6-311G(d,p)
frgm_method     gia
frgm_lpcorr     rs_exact_scf
eda_bsse        false
ithrsh          12
thresh          14
scf_print_frgm  1
unrestricted    false
max_scf_cycles  300
symmetry        false
sym_ignore      true
mem_total       10000
mem_static      5000
solvent_method  smd
$end

$smx
solvent toluene
$end

